8,1,6,3,2,7,4,5
16,9,14,11,10,15,12,13
24,17,22,19,18,23,20,21
32,25,30,27,26,31,28,29
40,33,38,35,34,39,36,37
48,41,46,43,42,47,44,45
56,49,54,51,50,55,52,53
64,57,62,59,58,63,60,61
72,65,70,67,66,71,68,69
80,73,78,75,74,79,76,77
88,81,86,83,82,87,84,85
96,89,94,91,90,95,92,93
104,97,102,99,98,103,100,101
112,105,110,107,106,111,108,109
120,113,118,115,114,119,116,117
128,121,126,123,122,127,124,125
136,129,134,131,130,135,132,133
144,137,142,139,138,143,140,141
152,145,150,147,146,151,148,149
160,153,158,155,154,159,156,157
168,161,166,163,162,167,164,165
176,169,174,171,170,175,172,173
184,177,182,179,178,183,180,181
192,185,190,187,186,191,188,189
200,193,198,195,194,199,196,197
208,201,206,203,202,207,204,205
216,209,214,211,210,215,212,213
224,217,222,219,218,223,220,221
232,225,230,227,226,231,228,229
240,233,238,235,234,239,236,237
248,241,246,243,242,247,244,245
256,249,254,251,250,255,252,253
264,257,262,259,258,263,260,261
272,265,270,267,266,271,268,269
280,273,278,275,274,279,276,277
288,281,286,283,282,287,284,285
296,289,294,291,290,295,292,293
304,297,302,299,298,303,300,301
312,305,310,307,306,311,308,309
320,313,318,315,314,319,316,317
328,321,326,323,322,327,324,325
336,329,334,331,330,335,332,333
344,337,342,339,338,343,340,341
352,345,350,347,346,351,348,349
360,353,358,355,354,359,356,357
368,361,366,363,362,367,364,365
376,369,374,371,370,375,372,373
384,377,382,379,378,383,380,381
392,385,390,387,386,391,388,389
400,393,398,395,394,399,396,397
408,401,406,403,402,407,404,405
416,409,414,411,410,415,412,413
424,417,422,419,418,423,420,421
432,425,430,427,426,431,428,429
